[gd_scene load_steps=25 format=3 uid="uid://b4e0e5iuxhesc"]

[ext_resource type="Script" path="res://GameBoard/SolarSystem/solar_system.gd" id="1_cxh0b"]
[ext_resource type="Shader" path="res://GameBoard/SolarSystem/star.gdshader" id="2_8ukix"]
[ext_resource type="PackedScene" uid="uid://dw8g20x00hghm" path="res://GameBoard/SolarSystem/sector.tscn" id="3_dpaxe"]
[ext_resource type="Script" path="res://GameBoard/SolarSystem/sector.gd" id="4_4ipq8"]

[sub_resource type="SphereMesh" id="SphereMesh_xba6t"]
resource_local_to_scene = true
radius = 1.0
height = 2.0

[sub_resource type="FastNoiseLite" id="FastNoiseLite_h3igl"]
noise_type = 0

[sub_resource type="NoiseTexture2D" id="NoiseTexture2D_2axmb"]
in_3d_space = true
seamless = true
noise = SubResource("FastNoiseLite_h3igl")

[sub_resource type="FastNoiseLite" id="FastNoiseLite_bsso6"]
noise_type = 2
frequency = 0.0042
fractal_type = 3

[sub_resource type="NoiseTexture2D" id="NoiseTexture2D_3a233"]
in_3d_space = true
seamless = true
noise = SubResource("FastNoiseLite_bsso6")

[sub_resource type="ShaderMaterial" id="ShaderMaterial_trwvw"]
resource_local_to_scene = true
render_priority = 0
shader = ExtResource("2_8ukix")
shader_parameter/Glow_Power = 6.0
shader_parameter/Lightness_Difference = 10.0
shader_parameter/Sun_Color = Color(0.642562, 0.264988, 0, 1)
shader_parameter/waveSpeed = 0.1
shader_parameter/fresnel = 1.0
shader_parameter/scale = 1.0
shader_parameter/blendSharpness = 0.0
shader_parameter/voronoi_noise = SubResource("NoiseTexture2D_3a233")
shader_parameter/emission_noise = SubResource("NoiseTexture2D_2axmb")

[sub_resource type="TorusMesh" id="TorusMesh_cg2im"]
resource_local_to_scene = true
inner_radius = 5.0
outer_radius = 5.1

[sub_resource type="TorusMesh" id="TorusMesh_hcj84"]
resource_local_to_scene = true
inner_radius = 7.0
outer_radius = 7.1

[sub_resource type="CylinderMesh" id="CylinderMesh_egcnt"]
top_radius = 0.05
bottom_radius = 0.05

[sub_resource type="CylinderMesh" id="CylinderMesh_2bbc2"]
top_radius = 0.05
bottom_radius = 0.05

[sub_resource type="CylinderMesh" id="CylinderMesh_hwgs3"]
top_radius = 0.05
bottom_radius = 0.05

[sub_resource type="CylinderMesh" id="CylinderMesh_58nfr"]
top_radius = 0.05
bottom_radius = 0.05

[sub_resource type="CylinderMesh" id="CylinderMesh_erd40"]
top_radius = 0.05
bottom_radius = 0.05

[sub_resource type="CylinderMesh" id="CylinderMesh_a4sc4"]
top_radius = 0.05
bottom_radius = 0.05

[sub_resource type="CylinderMesh" id="CylinderMesh_2ke00"]
top_radius = 0.05
bottom_radius = 0.05

[sub_resource type="CylinderMesh" id="CylinderMesh_ql71l"]
top_radius = 0.05
bottom_radius = 0.05

[sub_resource type="CylinderMesh" id="CylinderMesh_11atx"]
top_radius = 0.05
bottom_radius = 0.05

[sub_resource type="CylinderMesh" id="CylinderMesh_77606"]
top_radius = 0.05
bottom_radius = 0.05

[sub_resource type="CylinderMesh" id="CylinderMesh_vfeku"]
top_radius = 0.05
bottom_radius = 0.05

[sub_resource type="CylinderMesh" id="CylinderMesh_hihjl"]
top_radius = 0.05
bottom_radius = 0.05

[node name="SolarSystem" type="Node3D"]
script = ExtResource("1_cxh0b")
star_color = Color(0.642562, 0.264988, 0, 1)

[node name="StarMesh" type="MeshInstance3D" parent="."]
mesh = SubResource("SphereMesh_xba6t")
surface_material_override/0 = SubResource("ShaderMaterial_trwvw")

[node name="InnerOrbitMesh" type="MeshInstance3D" parent="."]
mesh = SubResource("TorusMesh_cg2im")

[node name="OuterOrbitMesh" type="MeshInstance3D" parent="."]
mesh = SubResource("TorusMesh_hcj84")

[node name="SectorLineMeshes" type="Node3D" parent="."]

[node name="SectorLine0" type="MeshInstance3D" parent="SectorLineMeshes"]
transform = Transform3D(-4.37114e-08, -1, 0, -4.37114e-08, 1.91069e-15, -1, 1, -4.37114e-08, -4.37114e-08, -6.05, 0, 0)
mesh = SubResource("CylinderMesh_egcnt")

[node name="SectorLine1" type="MeshInstance3D" parent="SectorLineMeshes"]
transform = Transform3D(-0.5, -0.866025, 2.18557e-08, -4.37114e-08, 1.91069e-15, -1, 0.866025, -0.5, -3.78552e-08, -5.23945, 0, -3.025)
mesh = SubResource("CylinderMesh_2bbc2")

[node name="SectorLine2" type="MeshInstance3D" parent="SectorLineMeshes"]
transform = Transform3D(-0.866025, -0.5, 3.78552e-08, -4.37114e-08, 1.91069e-15, -1, 0.5, -0.866025, -2.18557e-08, -3.025, 0, -5.23945)
mesh = SubResource("CylinderMesh_hwgs3")

[node name="SectorLine3" type="MeshInstance3D" parent="SectorLineMeshes"]
transform = Transform3D(-1, 8.74228e-08, 4.37114e-08, -4.37114e-08, 1.91069e-15, -1, -8.74228e-08, -1, 1.91069e-15, 2.64454e-07, 0, -6.05)
mesh = SubResource("CylinderMesh_58nfr")

[node name="SectorLine4" type="MeshInstance3D" parent="SectorLineMeshes"]
transform = Transform3D(-0.866025, 0.5, 3.78552e-08, -4.37114e-08, 1.91069e-15, -1, -0.5, -0.866025, 2.18557e-08, 3.025, 0, -5.23945)
mesh = SubResource("CylinderMesh_erd40")

[node name="SectorLine5" type="MeshInstance3D" parent="SectorLineMeshes"]
transform = Transform3D(-0.5, 0.866025, 2.18557e-08, -4.37114e-08, 1.91069e-15, -1, -0.866025, -0.5, 3.78552e-08, 5.23945, 0, -3.025)
mesh = SubResource("CylinderMesh_a4sc4")

[node name="SectorLine6" type="MeshInstance3D" parent="SectorLineMeshes"]
transform = Transform3D(1.31134e-07, 1, -3.82137e-15, -4.37114e-08, 1.91069e-15, -1, -1, 1.31134e-07, 4.37114e-08, 6.05, 0, 5.28908e-07)
mesh = SubResource("CylinderMesh_2ke00")

[node name="SectorLine7" type="MeshInstance3D" parent="SectorLineMeshes"]
transform = Transform3D(0.5, 0.866025, -2.18557e-08, -4.37114e-08, 1.91069e-15, -1, -0.866025, 0.5, 3.78552e-08, 5.23945, 0, 3.025)
mesh = SubResource("CylinderMesh_ql71l")

[node name="SectorLine8" type="MeshInstance3D" parent="SectorLineMeshes"]
transform = Transform3D(0.866025, 0.5, -3.78552e-08, -4.37114e-08, 1.91069e-15, -1, -0.5, 0.866025, 2.18557e-08, 3.025, 0, 5.23945)
mesh = SubResource("CylinderMesh_11atx")

[node name="SectorLine9" type="MeshInstance3D" parent="SectorLineMeshes"]
transform = Transform3D(1, -5.56363e-08, -4.37114e-08, -4.37114e-08, 1.91069e-15, -1, 5.56363e-08, 1, -5.21253e-16, -7.21455e-08, 0, 6.05)
mesh = SubResource("CylinderMesh_77606")

[node name="SectorLine10" type="MeshInstance3D" parent="SectorLineMeshes"]
transform = Transform3D(0.866025, -0.5, -3.78552e-08, -4.37114e-08, 1.91069e-15, -1, 0.5, 0.866025, -2.18557e-08, -3.025, 0, 5.23945)
mesh = SubResource("CylinderMesh_vfeku")

[node name="SectorLine11" type="MeshInstance3D" parent="SectorLineMeshes"]
transform = Transform3D(0.5, -0.866025, -2.18557e-08, -4.37114e-08, 1.91069e-15, -1, 0.866025, 0.5, -3.78552e-08, -5.23945, 0, 3.025)
mesh = SubResource("CylinderMesh_hihjl")

[node name="Sectors" type="Node3D" parent="."]

[node name="Sector0" type="Marker3D" parent="Sectors" node_paths=PackedStringArray("next") instance=ExtResource("3_dpaxe")]
transform = Transform3D(0.965926, 0, -0.258819, 0, 1, 0, 0.258819, 0, 0.965926, -5.84385, 0, -1.56586)
script = ExtResource("4_4ipq8")
next = [NodePath("../Sector1")]

[node name="Sector1" type="Marker3D" parent="Sectors" node_paths=PackedStringArray("next") instance=ExtResource("3_dpaxe")]
transform = Transform3D(0.707107, 0, -0.707107, 0, 1, 0, 0.707107, 0, 0.707107, -4.278, 0, -4.278)
script = ExtResource("4_4ipq8")
index = 1
next = [NodePath("../Sector2")]

[node name="Sector2" type="Marker3D" parent="Sectors" node_paths=PackedStringArray("next") instance=ExtResource("3_dpaxe")]
transform = Transform3D(0.258819, 0, -0.965926, 0, 1, 0, 0.965926, 0, 0.258819, -1.56586, 0, -5.84385)
script = ExtResource("4_4ipq8")
index = 2
next = [NodePath("../Sector3")]

[node name="Sector3" type="Marker3D" parent="Sectors" node_paths=PackedStringArray("next") instance=ExtResource("3_dpaxe")]
transform = Transform3D(-0.258819, 0, -0.965926, 0, 1, 0, 0.965926, 0, -0.258819, 1.56586, 0, -5.84385)
script = ExtResource("4_4ipq8")
index = 3
next = [NodePath("../Sector4")]

[node name="Sector4" type="Marker3D" parent="Sectors" node_paths=PackedStringArray("next") instance=ExtResource("3_dpaxe")]
transform = Transform3D(-0.707107, 0, -0.707107, 0, 1, 0, 0.707107, 0, -0.707107, 4.278, 0, -4.278)
script = ExtResource("4_4ipq8")
index = 4
next = [NodePath("../Sector5")]

[node name="Sector5" type="Marker3D" parent="Sectors" node_paths=PackedStringArray("next") instance=ExtResource("3_dpaxe")]
transform = Transform3D(-0.965926, 0, -0.258819, 0, 1, 0, 0.258819, 0, -0.965926, 5.84385, 0, -1.56586)
script = ExtResource("4_4ipq8")
index = 5
next = [NodePath("../Sector6")]

[node name="Sector6" type="Marker3D" parent="Sectors" node_paths=PackedStringArray("next") instance=ExtResource("3_dpaxe")]
transform = Transform3D(-0.965926, 0, 0.258819, 0, 1, 0, -0.258819, 0, -0.965926, 5.84385, 0, 1.56586)
script = ExtResource("4_4ipq8")
index = 6
next = [NodePath("../Sector7")]

[node name="Sector7" type="Marker3D" parent="Sectors" node_paths=PackedStringArray("next") instance=ExtResource("3_dpaxe")]
transform = Transform3D(-0.707107, 0, 0.707107, 0, 1, 0, -0.707107, 0, -0.707107, 4.278, 0, 4.278)
script = ExtResource("4_4ipq8")
index = 7
next = [NodePath("../Sector8")]

[node name="Sector8" type="Marker3D" parent="Sectors" node_paths=PackedStringArray("next") instance=ExtResource("3_dpaxe")]
transform = Transform3D(-0.258819, 0, 0.965926, 0, 1, 0, -0.965926, 0, -0.258819, 1.56585, 0, 5.84385)
script = ExtResource("4_4ipq8")
index = 8
next = [NodePath("../Sector9")]

[node name="Sector9" type="Marker3D" parent="Sectors" node_paths=PackedStringArray("next") instance=ExtResource("3_dpaxe")]
transform = Transform3D(0.258819, 0, 0.965926, 0, 1, 0, -0.965926, 0, 0.258819, -1.56586, 0, 5.84385)
script = ExtResource("4_4ipq8")
index = 9
next = [NodePath("../Sector10")]

[node name="Sector10" type="Marker3D" parent="Sectors" node_paths=PackedStringArray("next") instance=ExtResource("3_dpaxe")]
transform = Transform3D(0.707107, 0, 0.707107, 0, 1, 0, -0.707107, 0, 0.707107, -4.278, 0, 4.278)
script = ExtResource("4_4ipq8")
index = 10
next = [NodePath("../Sector11")]

[node name="Sector11" type="Marker3D" parent="Sectors" node_paths=PackedStringArray("next") instance=ExtResource("3_dpaxe")]
transform = Transform3D(0.965926, 0, 0.258819, 0, 1, 0, -0.258819, 0, 0.965926, -5.84385, 0, 1.56586)
script = ExtResource("4_4ipq8")
index = 11
next = [NodePath("../Sector0")]
